Title: Prospecting in late-type dwarfs: a calibration of infrared and visible 
       spectroscopic metallicities of late-K and M dwarfs spanning 1.5 dex 
Authors: Mann A.W., Brewer J., Gaidos E., Lepine S., Hilton E.J. 
Table: Metal-Sensitive Features
================================================================================
Byte-by-byte Description of file: aj456848t5_mrt.txt
--------------------------------------------------------------------------------
   Bytes Format Units Label       Explanations
--------------------------------------------------------------------------------
   1-  3 A3     ---   F#          Feature number
   5- 10 F6.4   um    Wave        Center wavelength; microns
  12- 13 I2     0.1nm Width       Feature width; Angstroms
  15- 18 F4.2   ---   All[Fe/H]   ? Correlation coefficient for all 
                                    dwarfs, [Fe/H] (1)
  20- 23 F4.2   ---   Early[Fe/H] ? Correlation coefficient for early-type 
                                    dwarfs, [Fe/H] (1)
  25- 28 F4.2   ---   Late[Fe/H]  ? Correlation coefficient for late-type 
                                    dwarfs, [Fe/H] (1)
  30- 33 F4.2   ---   All[M/H]    ? Correlation coefficient for all 
                                    dwarfs, [M/H] (1)
  35- 38 F4.2   ---   Early[M/H]  ? Correlation coefficient for early-type 
                                    dwarfs, [M/H] (1)
  40- 42 F4.2   ---   Late[M/H]   ? Correlation coefficient for late-type 
                                    dwarfs, [M/H] (1)
--------------------------------------------------------------------------------
Note (1): The adjusted square of the multiple correlation coefficient as 
          defined in Equation 6. A blank denotes that the feature did not have 
          an R_ap_^2^ value above the R_rand_^2^ value, and thus is not 
          considered a statistically significant metal-sensitive feature.
          All: K5.5 - M6.0, early: K5.5-M2.0, late: M2.0-M6.0.
--------------------------------------------------------------------------------
    0.3980 23      0.42 0.18      0.38     
    0.4098 35      0.30 0.26      0.24     
    0.4148 68 0.10 0.28 0.36      0.21 0.28
    0.4342 23      0.23      0.10 0.30     
    0.4444 41      0.31 0.26      0.28     
F01 0.4648 23      0.56           0.54     
    0.5384 20 0.13 0.39           0.31     
    0.5444 53 0.15 0.41      0.13 0.36     
    0.5524 77 0.11 0.42 0.20 0.10 0.39 0.22
F02 0.5608 20      0.43           0.30     
F03 0.6118 20 0.14 0.20 0.26 0.15 0.26 0.39
F04 0.6232 20           0.28           0.41
    0.6356 20      0.33 0.38 0.16 0.24 0.54
F05 0.6416 41 0.13      0.42 0.22      0.57
    0.6526 20 0.16 0.23 0.24 0.19      0.34
    0.6888 35           0.32 0.12      0.47
    0.7024 29      0.31 0.28           0.43
F06 0.7540 20 0.30 0.51 0.39 0.28 0.44 0.38
    0.7942 20 0.30 0.37 0.29 0.35 0.32 0.39
    0.8008 23 0.19      0.31 0.26      0.44
F07 0.8208 35 0.36 0.77 0.23 0.31 0.69 0.22
    0.8266 98 0.31 0.40 0.24 0.35 0.41 0.28
F08 0.8684 26 0.14 0.63 0.23 0.15 0.53 0.18
    0.8870 20 0.16 0.36 0.22 0.21 0.28 0.30
    0.9025 20 0.16 0.29      0.17 0.20     
    0.9189 20 0.15 0.19 0.23 0.23 0.26 0.32
    0.9507 20 0.12 0.25 0.34           0.27
    0.9559 20 0.17 0.32 0.26 0.14 0.27 0.22
    0.9627 20 0.16 0.32 0.23 0.12 0.23 0.21
    0.9719 20 0.22 0.33 0.30 0.20 0.27 0.24
    0.9931 68 0.18 0.23 0.22               
    1.0569 41 0.23 0.44      0.23 0.43     
    1.0639 86 0.21 0.48      0.25 0.49     
    1.0834 20 0.13 0.48      0.14 0.51     
    1.1176 50 0.18 0.35      0.18 0.31     
F09 1.1396 26 0.35 0.46 0.28 0.27 0.35 0.19
    1.1794 20 0.14 0.33           0.21     
    1.1880 20 0.12 0.34           0.22     
    1.1986 23 0.20 0.32      0.14 0.22     
    1.2432 23 0.26 0.68 0.22 0.22 0.62     
    1.2532 23 0.23 0.41 0.25 0.17 0.26 0.21
F10 1.2698 98 0.42 0.47 0.37 0.43 0.47 0.35
F11 1.2908 20 0.51 0.63 0.41 0.41 0.55 0.26
F12 1.3148 50 0.39 0.72 0.23 0.31 0.66 0.25
    1.3292 20 0.31 0.46 0.22 0.28 0.41 0.29
F13 1.3344 23 0.15 0.42 0.31 0.16 0.35 0.38
    1.3472 55 0.18 0.30 0.26 0.24 0.42 0.30
    1.3500 20 0.17 0.31 0.21 0.21 0.38 0.23
    1.3780 44      0.20      0.16 0.27     
    1.3986 26 0.14 0.28      0.21 0.33     
    1.4276 50 0.27 0.42      0.25 0.35     
    1.4366 53 0.14 0.32 0.26 0.11 0.26 0.24
F14 1.4766 41 0.54 0.60 0.44 0.45 0.51 0.29
F15 1.4836 23 0.43 0.73 0.18 0.36 0.66 0.25
    1.4942 98 0.28 0.59      0.24 0.60     
    1.5000 65 0.14 0.52      0.13 0.52 0.22
F16 1.5172 33 0.48 0.70 0.48 0.48 0.69 0.45
    1.5256 59 0.40 0.75 0.24 0.34 0.69     
    1.5314 26 0.26 0.71      0.22 0.65     
    1.5468 29 0.25 0.58      0.20 0.53     
    1.5522 23 0.26 0.57      0.21 0.56     
    1.5628 23 0.16 0.42      0.14 0.37     
    1.5840 47 0.27 0.60 0.19 0.27 0.60 0.19
    1.5940 86 0.20 0.58 0.24 0.21 0.57     
    1.5978 20 0.29 0.68      0.23 0.61     
F17 1.6158 23 0.60 0.88 0.28 0.55 0.86 0.22
    1.6202 23 0.48 0.85 0.21 0.46 0.80 0.27
    1.6380 59 0.22 0.46      0.29 0.54 0.31
    1.6446 20 0.15 0.58      0.15 0.54     
    1.6522 20 0.16 0.46      0.18 0.44     
    1.6660 23 0.20 0.36 0.24 0.14 0.29     
    1.6758 23 0.29 0.63 0.23 0.20 0.55     
    1.6817 26 0.25 0.51 0.22 0.18 0.41 0.19
    1.7003 23 0.21 0.55 0.38 0.18 0.48 0.26
    1.7115 23 0.15 0.56 0.35 0.21 0.46 0.24
    1.7189 80 0.26 0.28 0.42 0.29 0.33 0.31
F18 1.7261 32 0.24 0.39 0.26 0.18 0.38 0.19
    1.7303 20 0.19 0.46      0.11 0.46     
    1.7405 23      0.42      0.10 0.42     
    1.7629 38 0.15 0.34      0.17 0.32 0.25
    1.7707 23 0.21 0.44      0.21 0.42     
    1.8807 32 0.16 0.41      0.16 0.33     
    1.9507 29 0.61 0.77 0.51 0.51 0.65 0.36
    1.9753 77 0.57 0.77 0.42 0.44 0.60 0.30
    1.9863 29 0.51 0.75 0.41 0.38 0.55 0.31
    1.9931 29 0.54 0.72 0.39 0.43 0.56 0.28
    2.0513 62 0.18 0.36      0.21 0.25 0.19
    2.0675 41 0.16 0.34      0.12          
    2.0831 95 0.24 0.47 0.20 0.20 0.25     
    2.0965 29 0.29 0.37 0.31 0.17 0.25     
    2.1063 92 0.45 0.61 0.23 0.44 0.51 0.24
    2.1103 29 0.54 0.69 0.35 0.52 0.55 0.38
    2.1173 32 0.53 0.69 0.32 0.48 0.53 0.30
    2.1375 47 0.25 0.42 0.19 0.21 0.33 0.28
    2.1469 29 0.33 0.40 0.35 0.42 0.35 0.40
    2.1697 74 0.18 0.35      0.11          
    2.1783 29 0.35 0.59      0.27 0.40     
    2.1895 32 0.32 0.47 0.18 0.27 0.49     
F19 2.2079 68 0.86 0.88 0.83 0.78 0.72 0.68
    2.2271 29 0.54 0.74 0.42 0.46 0.57 0.29
    2.2391 29 0.47 0.60 0.18 0.41 0.47 0.20
    2.2640 59 0.66 0.89 0.47 0.57 0.71 0.40
    2.2823 32 0.28 0.36 0.27 0.27 0.27 0.28
    2.2968 74 0.58 0.68 0.52 0.55 0.52 0.50
    2.3014 70 0.53 0.65 0.41 0.47 0.47 0.42
F20 2.3242 38 0.63 0.75 0.58 0.56 0.57 0.50
F21 2.3342 35 0.61 0.73 0.55 0.57 0.58 0.49
    2.3430 44 0.37 0.52 0.38 0.36 0.41 0.35
    2.3536 29 0.58 0.68 0.52 0.52 0.49 0.51
    2.3678 44 0.17      0.42 0.22      0.45
F22 2.3844 35 0.54 0.69 0.35 0.50 0.51 0.32
